27,51,67,91,42,86,58,66,39,72,96
88,64,61,72,82,46,36,63,41,95,75
17,62,58,66,79,22,39,72,19,96,65,63,12,41,25,46,64,75,11,95,99,23,61
12,41,39,93,95,66,86,62,42,11,58
18,92,26,48,67,83,69,42,62,58,66,79,39,19,15
64,46,61,66,63,99,23,11,75,17,41
46,75,11,95,99,61,36,82,85,24,52,53,74,87,27,18,92,26,48
18,92,61,74,27,48,99,67,89,36,52,26,11,91,95
75,22,85,36,15,89,72,39,79,99,46,61,23,11,19,64,95
66,58,72,93,79,17,34,65,42,64,39
83,87,51,42,69,93,91,26,24,89,88,17,86,18,53,92,67
83,93,42,86,66,96,15,63,12,41,25,64,75
67,95,53,87,75,92,18,36,99
25,64,11,23,24,99,15,96,88,61,46,95,63
51,91,83,69,42,17,62,58,66,79,22,39,72
26,69,86,66,72,15,63
34,91,92,22,17,74,58,79,66,53,83
87,86,51,26,28,17,18,92,24,67,27,42,91,85,34,53,69
51,67,91,34,83,69,93,42,86,17,62,58,66,79,22,72,19,96,15,65,63,12,41
48,69,83,27,42,86,34,62,93,58,53,18,88,67,52,87,24,91,74
96,15,65,63,12,41,25,46,64,75,11,95,23,61,36,82,89,52,88,53,28
72,95,11,41,89,19,82,12,63,79,22,25,36,65,61,96,66,75,39,64,15,23,99
41,39,22,25,69,11,86,93,66,42,19,46,64,72,15,79,96,65,58,12,75
12,41,25,46,64,11,23,61,36,82,89,85,24,52,53,28,74,87,27
42,83,79,28,66,74,48,53,26,93,62,67,51,91,18,88,87
34,19,96,15,66,17,69,22,79,26,72,86,67,91,48,18,39,93,51,92,42
91,34,83,69,93,86,17,62,58,79,22,39,72,19,96,15,65,63,12,25,46
99,23,61,36,82,24,88,53,28,74,87,27,92,26,48,34,83
96,15,65,63,12,41,25,46,64,75,11,95,99,61,36,82,85,24,52,88,28
66,27,48,18,96
11,95,99,82,52,53,27,92,48
17,66,39,12,41,93,51
86,62,58,66,22,72,19,96,15,65,63,12,41,25,46,64,75,11,95,99,23
26,85,27,52,92,82,34,51,87,83,67,23,89,36,74,24,28,69,53,91,18
46,64,75,11,95,99,23,61,36,82,89,85,52,88,53,74,87,18,92,26,48
83,85,92,87,88,74,28,48,18,52,82,93,24
17,22,19,63,99
79,11,39,86,19,65,46,62,93,42,64,96,69,25,72,66,15,12,41,58,22
15,41,72,23,64,99,62,36,12,58,25,95,96
74,92,51,28,91,34,69,42,67,48,66,87,26,27,22,79,93,39,18,17,83
66,93,91,72,67,87,83,22,86,18,42,39,51,34,62,27,69,17,74,58,92
62,34,58,66,72,42,51,17,86
75,61,12,87,95,99,82,11,52,64,74,36,28
87,27,18,48,51,83,93,86,62,58,66,79,39,72,19
87,51,42,88,74,26,52,53,17,24,27,83,86,34,62,92,18,48,93,58,28
72,96,41,64,95,36,88
61,88,82,67,91,28,36,89,52,83,23,87,34,26,18,51,69,48,24
88,53,28,74,87,27,18,92,26,48,51,34,83,69,93,42,86,17,58,66,79
36,27,18,82,92,83,99
89,61,34,88,82,93,91
75,24,72,61,96,63,82,39,41,52,15,65,95
74,53,24,18,26,36,88
91,34,83,93,42,86,17,62,58,66,22,39,72,19,96,15,65,63,12,25,46
72,96,12,41,25,75,23,89,88
11,25,27,75,24,74,82,85,88,53,36,87,95,28,63,64,89
89,82,52,74,27,63,61,95,53
89,52,51,95,99,53,85,11,18,23,88,87,27,28,64
61,36,89,87,83,69,93
62,67,12,72,25,19,42,39,83,66,65,63,34,41,86,58,79,22,91
69,42,63,22,79,39,15,96,12,65,67,86,91,93,58,48,72,51,83
82,89,24,52,53,74,87,27,18,92,26,48,51,67,91,34,69,42,86
87,27,18,92,26,48,51,67,91,83,93,86,17,62,66,79,22
72,19,86,25,96,23,12,95,39,11,22,41,99,46,63
46,25,86,66,22,96,63,62,42,93,69,39,15,12,79,64,34
92,87,18,53,83,58,22,93,91,74,51
17,62,58,66,79,22,39,72,96,15,65,63,12,41,25,46,64,75,11,95,99,23,61
58,66,79,72,12,75,95,61,82
19,15,41,25,46,64,75,36,85,52,53
26,79,66,17,91,18,93,62,34,92,58,51,67,83,53,74,28,88,42,27,87
26,18,28,69,27,48,89,51,42,36,24,91,83
72,41,22,61,79,23,63,65,36,62,11,46,99,15,25,95,19,75,12,58,64
34,83,69,93,42,17,58,79,22,39,72,19,96,15,63,41,25,46,64
74,87,18,26,48,67,91,34,83,69,93,42,17,62,22,39,72
83,79,66,15,91,63,96,25,58,12,72,65,62,34,69,19,39,42,22,86,41,67,93
96,15,65,63,41,25,64,61,82,89,24,52,28
11,23,61,36,82,24,88,53,28,27,18,92,26,48,51,67,91
93,51,69,34,41,96,22,17,19,58,65,15,79,62,39,63,91,83,42
65,63,12,41,25,46,64,75,11,95,99,23,61,36,82,89,85,24,52,88,53,74,87
46,95,11,41,19,23,89,65,96,99,66,36,25,12,72,75,82,64,15,79,61,39,22
23,75,74,82,53,11,88,24,27,18,85,95,87,25,36,46,26,92,64,99,89,61,28
52,11,27,12,61,74,24,63,75,64,46,36,89,95,99,87,41,82,85,88,28,23,25
82,24,88,53,28,74,87,27,18,92,26,48,51,67,91,34,83,69,93,42,86
88,63,61,52,75,23,12,89,72,36,95
89,95,63,39,36,41,46,19,72,24,64,25,85,75,61,22,99
99,82,89,24,52,88,53,28,87,27,92,26,48,51,91,34,83
51,69,72,91,79,86,93,96,48,22,27,42,62
46,22,65,83,86,39,62,69,15,64,75,63,42,17,96,66,58,41,25,72,19
83,69,86,17,62,58,66,79,22,39,72,19,15,65,63,12,41,25,46,64,75
74,67,28,42,26,91,18
15,65,12,25,11,95,99,61,36,82,85,24,88,28,74
69,93,42,86,17,62,58,66,79,22,72,19,96,15,65,63,12,41,25,46,64,75,11
95,99,23,82,89,88,28,74,27,18,92
95,23,61,82,89,85,24,52,53,74,27,18,92
41,62,64,42,69,72,11
19,65,11,95,89,46,25,36,66,22,23,12,72,63,41,79,64,82,15,39,75,99,96
58,22,72,36,65,39,25,23,64,96,82,99,11,41,79,15,66,19,12
23,61,82,89,24,52,28,18,51,67,91
58,66,22,39,72,19,96,65,12,41,25,46,75,95,23,61,36
36,66,22,15,46,41,64
93,69,92,36,24,83,82,87,53,52,61,85,91,74,26,89,34,18,88
82,89,85,52,88,28,74,27,92,26,48,51,67,91,34,83,69,42,86
95,39,22,58,72,23,99,12,63,25,75,96,62
11,95,99,36,82,89,85,52,88,53,28,74,87,27,18,26,48,67,91
72,96,15,65,12,46,64,75,11,95,36
95,99,23,61,36,82,89,85,24,88,53,28,74,87,27,92,26,91,34
34,18,27,92,67,95,23,61,48,51,53,26,85,91,88,99,74,89,28
42,24,85,69,26,28,74,89,88,36,83
58,66,79,22,39,96,15,65,63,64,11,99,23,36,82
28,48,67,83,42,22,39
93,82,69,74,51,24,34,85,89,42,36,52,27,53,28,92,67,91,83,87,88,26,48
18,83,28,17,66,69,93,26,52
85,89,53,26,36,46,88,24,99,52,27,25,18,92,75,74,11
17,62,58,66,22,72,19,96,15,65,63,12,41,25,46,64,75,11,99,23,61
58,66,79,39,19,96,65,63,75,95,99
61,36,82,89,85,24,52,88,28,74,87,27,18,92,26,48,51,91,34,83,69
63,41,25,46,64,95,23,61,89,85,24,52,53,28,74,87,27
79,22,39,72,19,15,65,63,12,41,25,46,75,11,95,99,23,36,82,89,85
65,11,25,53,82,88,74,12,15,63,41,64,89,23,24,99,46,75,95,52,36
52,27,61,87,24
62,39,15,65,63,41,11,95,99
67,19,34,15,12,63,72
85,23,79,95,11,39,19,46,72
83,93,51,86,69,91,48,19,22,96,34,58,79,17,26,92,65
83,74,67,88,18,69,34,27,51,92,42,66,28,53,91,62,26,87,48,17,79
42,17,66,79,72,19,15,12,25,46,64,95,99
28,18,64,87,25,99,74,89,82,11,36,24,75,61,12
62,92,48,79,17,53,27,18,83,28,86,69,67,88,74
83,91,48,93,36,24,92,74,89,88,69,42,51,85,26,18,52,34,53,87,82
46,64,99,82,28,26,48
12,95,23,99,75,64,41,15,74,24,11
22,72,19,96,15,65,63,25,46,75,99,23,36,82,89,85,24
41,25,64,11,95,23,85,24,87
87,27,48,51,83,69,93,17,58,72,19
25,79,64,96,99,66,15,39,11,12,63,61,75,89,41,82,46,95,72,19,65
85,48,42,52,69,26,83,24,93,74,36,34,67
27,87,92,24,99,46,11,64,53,75,95,88,74,26,89,28,52,85,25
89,24,52,74,87,27,92,48,67,34,69,86,17
17,89,83,24,92
17,58,39,96,15,65,63,12,41,64,75,95,99,23,61
82,12,46,61,25,15,53,65,75,99,36,24,88,52,28,89,41,11,23,85,64,74,95
86,19,69,18,93
87,27,92,26,48,51,67,91,34,83,69,93,42,86,17,62,58,66,79,22,39,72,19
95,87,27,26,91,36,24,23,74,82,89,53,85,28,52,51,88,48,92,11,61,99,18
74,87,27,92,26,48,91,34,83,93,42,17,62,58,66,79,22,39,72
48,88,85,52,46,92,24,99,74,36,89,61,27,23,64,26,87
12,95,18,41,85,23,61
39,96,41,46,11,36,52
93,42,86,17,62,58,22,39,96,15,65,41,25,46,75,11,95
82,85,53,28,26,67,86
46,99,11,39,64,58,42,65,19,22,15,75,95,17,25,79,86,12,72
15,65,64,95,36,82,85,24,88,53,28
99,23,24,64,95,87,65
63,61,95,24,53,64,88,27,52,85,74
96,64,11,95,99,61,36,82,89,85,28
89,46,25,88,18,11,92,28,82,87,52,95,53,99,26,75,74,36,27,64,24
99,75,11,85,25,27,92,95,52,74,87,61,82,18,24,41,36
22,96,15,63,25,11,61,89,24
88,53,58,79,83,93,48,87,92
41,58,93,12,15,22,67,96,83,79,25,66,19
66,93,41,69,72,62,46,63,15,17,19,58,65,96,83
15,22,72,24,64,96,41,75,23
34,26,91,52,67,48,92,51,27
85,87,65,24,28,88,36,89,52,11,99,23,61,12,63,41,82
53,63,99,61,12,95,74,36,41,88,23,28,15,85,64
42,93,39,91,69,19,79,58,41,72,63,86,66,12,17,62,22,46,83,65,25,15,34
82,88,83,99,61,28,85,26,87,18,34,51,48
27,26,48,51,67,91,34,83,42,62,58,79,22,39,72,19,96
92,26,48,67,91,34,69,93,42,86,58,66,79,22,39,72,19,15,65
27,92,88,34,69,51,18,85,93,24,62,52,26
36,85,15,88,96,11,64,75,53,28,61
89,87,27,52,28,85,18,61,24,67,99,91,74,51,11,92,95
34,83,69,93,42,17,62,58,66,79,22,72,19,96,15,65,63,12,41,46,64
65,25,79,93,46,72,83,86,58,63,66,91,34,15,41
17,52,88,18,85,89,91
42,91,28,58,48,17,26,67,24,74,69,62,34,83,52
82,85,24,52,28,74,87,27,18,92,91,34,69,42,86
58,12,41,66,83,42,19,17,62,79,46,25,22,15,39,93,65,96,69,63,34,91,86
63,15,83,65,46,25,69,19,42,75,39,79,41,12,62,72,58
69,17,62,66,96,25,75
26,48,67,91,34,83,69,42,86,17,58,79,22,39,72,19,63
72,19,65,46,64,75,11,82,24
64,63,99,46,17,19,22,65,15,61,58,23,72
83,79,65,15,42,39,91,69,72,34,86,17,62,63,66,58,51,22,96,93,12,67,41
34,51,69,66,92,42,26,18,52,67,53,27,17,83,28,93,87,88,91,86,74
74,87,27,18,92,26,48,51,34,83,93,86,17,62,58,66,79,39,72
91,42,63,96,79,62,22,51,26,65,72
86,93,26,66,48,74,18,17,58,27,91,51,79,39,34,28,92
24,75,46,27,82,89,36,28,64,87,25,18,95,61,74,53,92,88,99,52,23,41,11
85,23,87,36,61,89,74,99,27,64,95,53,11,26,18,25,88,46,75,52,82
74,64,82,87,27
62,66,46,58,75,79,65,64,72,19,39,25,41,12,96,36,11,99,23,22,61
48,51,67,91,34,93,42,17,58,66,39,19,96,15,65,63,12
28,93,26,58,87,91,69,86,22,53,66
18,92,26,48,51,67,91,34,69,93,42,86,17,62,58,66,79,39,96
96,15,65,63,12,25,46,11,95,99,61,82,89,85,24,52,88
42,91,93,65,63,17,72,51,19,79,83,69,41
24,61,67,52,11,36,99,85,53,82,51